1 2 3
1 2
4 5
6 7
8 9 9
8 9
10 11 11 11
10 11 11
10 11
12 13
14 14
15 16 17 18
15 16 17
15 16
19 19
20 20
21 21
22 22 23 23 23 22 23 23
22 22 23 23 23 22 23
22 22 23 23 23 22
22 22 23 23 23
22 22 23 23
22 22 23
22 22
24 25 26 27
24 25 26
24 25
1 28 3 2
1 28 3
1 28
29 30
31 32 31 31 31 31
31 32 31 31 31
31 32 31 31
31 32 31
31 32
33 33 33
33 33
34 34 34 34 34 34
34 34 34 34 34
34 34 34 34
34 34 34
34 34
12 13 12 13 35 35 12 13 12
12 13 12 13 35 35 12 13
12 13 12 13 35 35 12
12 13 12 13 35 35
12 13 12 13 35
12 13 12 13
12 13 12
12 13
36 36
37 37 37 38
37 37 37
37 37
39 39
40 41
42 42
43 44 43
43 44
45 46 47 47
45 46 47
45 46
35 35 35
35 35
20 20
46 48
46 49
10 10 10
10 10
3 28
13 12
50 50
51 52 47
51 52
53 54 54 54
53 54 54
53 54
55 56 55
55 56
7 57
58 59 59
58 59
60 60
61 61 61 61 61 61 61
61 61 61 61 61 61
61 61 61 61 61
61 61 61 61
61 61 61
61 61
38 37
62 62 63 62 62
62 62 63 62
62 62 63
62 62
7 57
64 64
43 65 66 5 4 67 67
43 65 66 5 4 67
43 65 66 5 4
43 65 66 5
43 65 66
43 65
14 68 69 14 14 68 14 69 68
14 68 69 14 14 68 14 69
14 68 69 14 14 68 14
14 68 69 14 14 68
14 68 69 14 14
14 68 69 14
14 68 69
14 68
70 60 70 70 70
70 60 70 70
70 60 70
70 60
71 71
72 72
73 74 73 75 73 73 73
73 74 73 75 73 73
73 74 73 75 73
73 74 73 75
73 74 73
73 74
76 77
44 78 44
44 78
79 79 79
79 79
80 81
82 82
83 83
84 77
85 85
86 86 87 86 86
86 86 87 86
86 86 87
86 86
88 88
81 81 81
81 81
89 89
24 24
90 91
92 92 92
92 92
44 93 94 93
44 93 94
44 93
77 77 77
77 77
67 95
91 90
96 74 97 74 96 98 96
96 74 97 74 96 98
96 74 97 74 96
96 74 97 74
96 74 97
96 74
76 76
99 99
100 100
101 102
103 104 103 105 105 103 106
103 104 103 105 105 103
103 104 103 105 105
103 104 103 105
103 104 103
103 104
107 108 108 107 25
107 108 108 107
107 108 108
107 108
109 52
110 110
44 44
111 43
112 112 112
112 112
113 114
115 115
116 116 116 116 116
116 116 116 116
116 116 116
116 116
58 117 59
58 117
70 60 70
70 60
108 118 107
108 118
15 18
119 119 119
119 119
27 27 27 120 121
27 27 27 120
27 27 27
27 27
58 58
58 59
122 122
123 124 124
123 124
125 126
127 127 127
127 127
7 57 57 7
7 57 57
7 57
128 128 128 128 128 72
128 128 128 128 128
128 128 128 128
128 128 128
128 128
129 130 130 130
129 130 130
129 130
131 97 132 133 133
131 97 132 133
131 97 132
131 97
133 97 97 132 134 134 132
133 97 97 132 134 134
133 97 97 132 134
133 97 97 132
133 97 97
133 97
135 136 135 137
135 136 135
135 136
1 1 3 28
1 1 3
1 1
138 138 138
138 138
139 18 18 139
139 18 18
139 18
72 72
78 140
141 141 141 141 141
141 141 141 141
141 141 141
141 141
142 143 143 142 142 142 143 143 142 143 142 143 142 143
142 143 143 142 142 142 143 143 142 143 142 143 142
142 143 143 142 142 142 143 143 142 143 142 143
142 143 143 142 142 142 143 143 142 143 142
142 143 143 142 142 142 143 143 142 143
142 143 143 142 142 142 143 143 142
142 143 143 142 142 142 143 143
142 143 143 142 142 142 143
142 143 143 142 142 142
142 143 143 142 142
142 143 143 142
142 143 143
142 143
69 68
144 144
145 145
86 146
78 94 140
78 94
47 40 47
47 40
87 146
93 8 5 5
93 8 5
93 8
40 40 40
40 40
147 147 147 147 147
147 147 147 147
147 147 147
147 147
124 124
148 87 87
148 87
149 149 149
149 149
150 151 150 151 150 150 150 151 150 152 152 150
150 151 150 151 150 150 150 151 150 152 152
150 151 150 151 150 150 150 151 150 152
150 151 150 151 150 150 150 151 150
150 151 150 151 150 150 150 151
150 151 150 151 150 150 150
150 151 150 151 150 150
150 151 150 151 150
150 151 150 151
150 151 150
150 151
153 11 11 107 108 118 108
153 11 11 107 108 118
153 11 11 107 108
153 11 11 107
153 11 11
153 11
154 155
121 120 121
121 120
113 156
40 40
157 157
137 136 136
137 136
158 159 159 159 53 159 158
158 159 159 159 53 159
158 159 159 159 53
158 159 159 159
158 159 159
158 159
52 52 52
52 52
160 160
161 161
19 19
52 52 52
52 52
162 162
163 163 163 123 50 75 123 50
163 163 163 123 50 75 123
163 163 163 123 50 75
163 163 163 123 50
163 163 163 123
163 163 163
163 163
53 164
85 30
112 56 112 112
112 56 112
112 56
54 165 53 164 53
54 165 53 164
54 165 53
54 165
166 166
167 167
154 155 154
154 155
168 169 170
168 169
169 171 172 173 173
169 171 172 173
169 171 172
169 171
174 174 174 146 174
174 174 174 146
174 174 174
174 174
155 155 154 154
155 155 154
155 155
175 175 175 175 175
175 175 175 175
175 175 175
175 175
176 176
177 177 177 177
177 177 177
177 177
178 178 178
178 178
66 179
180 180 180
180 180
181 181 181
181 181
182 182
65 65
183 183 183
183 183
19 19 19
19 19
18 15 139
18 15
37 37
132 98
184 184 184
184 184
185 185 185 185 185 185
185 185 185 185 185
185 185 185 185
185 185 185
185 185
24 186 25
24 186
17 16 187 187 17
17 16 187 187
17 16 187
17 16
85 29 85 29
85 29 85
85 29
188 188
165 164 70
165 164
7 6 7 6 7
7 6 7 6
7 6 7
7 6
189 189
190 190 190 13
190 190 190
190 190
187 49 48
187 49
191 191
26 26
107 25 107
107 25
192 192
91 90 90
91 90
193 193 193 193 120
193 193 193 193
193 193 193
193 193
194 194 194
194 194
181 195 56
181 195
196 196 196 196 196
196 196 196 196
196 196 196
196 196
181 112
70 70
30 88
87 197
27 120 121 27
27 120 121
27 120
198 172 172 199 198
198 172 172 199
198 172 172
198 172
110 110 110
110 110
200 200 200
200 200
184 184 184 184 184 201 201 184 184
184 184 184 184 184 201 201 184
184 184 184 184 184 201 201
184 184 184 184 184 201
184 184 184 184 184
184 184 184 184
184 184 184
184 184
202 202 202 202 202 202 202 202 202
202 202 202 202 202 202 202 202
202 202 202 202 202 202 202
202 202 202 202 202 202
202 202 202 202 202
202 202 202 202
202 202 202
202 202
203 203
184 204 184 184 28
184 204 184 184
184 204 184
184 204
157 111 78
157 111
43 94 93 93 43 43
43 94 93 93 43
43 94 93 93
43 94 93
43 94
205 205 206 206
205 205 206
205 205
85 29 49
85 29
18 139
88 88
207 207 207 207 207 207 207 207 207 207 207 207
207 207 207 207 207 207 207 207 207 207 207
207 207 207 207 207 207 207 207 207 207
207 207 207 207 207 207 207 207 207
207 207 207 207 207 207 207 207
207 207 207 207 207 207 207
207 207 207 207 207 207
207 207 207 207 207
207 207 207 207
207 207 207
207 207
208 208 208 208 208
208 208 208 208
208 208 208
208 208
101 101
209 209 209 209 209 209 209
209 209 209 209 209 209
209 209 209 209 209
209 209 209 209
209 209 209
209 209
48 48
136 137 136 137 137
136 137 136 137
136 137 136
136 137
180 189 180
180 189
203 203
210 210
205 205 205 205
205 205 205
205 205
27 24
69 68 69 69
69 68 69
69 68
131 75
211 211 52 109 187 48
211 211 52 109 187
211 211 52 109
211 211 52
211 211
149 149 149
149 149
18 17 16
18 17
212 212 212 213
212 212 212
212 212
183 183
136 137
214 214 214
214 214
215 215
216 216
101 102
139 139 139
139 139
217 116
60 164 164
60 164
30 211
218 218
219 219 219 219
219 219 219
219 219
146 146
59 58 59 6 7
59 58 59 6
59 58 59
59 58
220 220 220
220 220
218 172 218 173 173 218 218 173
218 172 218 173 173 218 218
218 172 218 173 173 218
218 172 218 173 173
218 172 218 173
218 172 218
218 172
213 221 213
213 221
222 223 224 225 226 226
222 223 224 225 226
222 223 224 225
222 223 224
222 223
71 71
67 157 12 140 44 157 111
67 157 12 140 44 157
67 157 12 140 44
67 157 12 140
67 157 12
67 157
227 227 227 228 228 228 228 227 227
227 227 227 228 228 228 228 227
227 227 227 228 228 228 228
227 227 227 228 228 228
227 227 227 228 228
227 227 227 228
227 227 227
227 227
21 229
38 38
102 86 146 87 213
102 86 146 87
102 86 146
102 86
182 182
221 82
58 230
166 166 166
166 166
60 70 70
60 70
231 231 231 231 231
231 231 231 231
231 231 231
231 231
232 233 232 234 232 235
232 233 232 234 232
232 233 232 234
232 233 232
232 233
107 118 108 118 236
107 118 108 118
107 118 108
107 118
19 19 19
19 19
16 18
105 104 104 104 104
105 104 104 104
105 104 104
105 104
8 8
173 84 84
173 84
25 121 27 121 24
25 121 27 121
25 121 27
25 121
237 238
56 112 181 112
56 112 181
56 112
35 35 35 35 35
35 35 35 35
35 35 35
35 35
191 191
109 109
28 28
239 240 239
239 240
216 216
201 204 204 201 204 201 204 204 201
201 204 204 201 204 201 204 204
201 204 204 201 204 201 204
201 204 204 201 204 201
201 204 204 201 204
201 204 204 201
201 204 204
201 204
75 131 132 134
75 131 132
75 131
241 241 241 241 241
241 241 241 241
241 241 241
241 241
78 44 78 94 43 94 78 199
78 44 78 94 43 94 78
78 44 78 94 43 94
78 44 78 94 43
78 44 78 94
78 44 78
78 44
165 164 53 164 53
165 164 53 164
165 164 53
165 164
242 242 242
242 242
51 51
39 39
123 131
44 94 44
44 94
3 118
49 46
199 78 243 65 178 168 199 169 198
199 78 243 65 178 168 199 169
199 78 243 65 178 168 199
199 78 243 65 178 168
199 78 243 65 178
199 78 243 65
199 78 243
199 78
25 118 27
25 118
28 244 114
28 244
245 246
49 190
41 30
117 7 246 117
117 7 246
117 7
247 248
17 18
148 249 250 250 148
148 249 250 250
148 249 250
148 249
118 107 120
118 107
9 66
140 44 140 44 140 140
140 44 140 44 140
140 44 140 44
140 44 140
140 44
236 236 236 236
236 236 236
236 236
251 251
247 248
111 94 94
111 94
36 28
252 252 252
252 252
216 216 216
216 216
253 254 254
253 254
240 129 129 240
240 129 129
240 129
255 138
253 254 253 254 253 253 254 253 254 254 253 254
253 254 253 254 253 253 254 253 254 254 253
253 254 253 254 253 253 254 253 254 254
253 254 253 254 253 253 254 253 254
253 254 253 254 253 253 254 253
253 254 253 254 253 253 254
253 254 253 254 253 253
253 254 253 254 253
253 254 253 254
253 254 253
253 254
7 57 117
7 57
218 77 77 216 169
218 77 77 216
218 77 77
218 77
221 82 221
221 82
228 82 182
228 82
50 73 98
50 73
256 71
257 257
60 60
30 85 85 85 85 63 63 24
30 85 85 85 85 63 63
30 85 85 85 85 63
30 85 85 85 85
30 85 85 85
30 85 85
30 85
258 258 258
258 258
150 151 150 151 151
150 151 150 151
150 151 150
150 151
9 66 259
9 66
244 244
180 189
243 243 243 243 243
243 243 243 243
243 243 243
243 243
260 261 260 260 261 261 260 261 261 261
260 261 260 260 261 261 260 261 261
260 261 260 260 261 261 260 261
260 261 260 260 261 261 260
260 261 260 260 261 261
260 261 260 260 261
260 261 260 260
260 261 260
260 261
18 15 153
18 15
164 53
215 215 262 215
215 215 262
215 215
119 119
136 135 263
136 135
264 264 264 264 95
264 264 264 264
264 264 264
264 264
16 16 18
16 16
265 33 262
265 33
106 106 104 104 104 105 104 104
106 106 104 104 104 105 104
106 106 104 104 104 105
106 106 104 104 104
106 106 104 104
106 106 104
106 106
106 104 104
106 104
122 266 146
122 266
187 29
40 46
262 265 265
262 265
267 268
98 98
57 57 4 166
57 57 4
57 57
181 181
33 265
66 199 66 259 259 199 259
66 199 66 259 259 199
66 199 66 259 259
66 199 66 259
66 199 66
66 199
160 160
269 269 269 269 269 269 269
269 269 269 269 269 269
269 269 269 269 269
269 269 269 269
269 269 269
269 269
45 30
24 24 24 24 24 24
24 24 24 24 24
24 24 24 24
24 24 24
24 24
105 270 270
105 270
271 272 271
271 272
240 122 130 130
240 122 130
240 122
113 114
139 18 273 153
139 18 273
139 18
131 134 97 134
131 134 97
131 134
40 46
129 129
146 86 86
146 86
229 21
93 43 178 199
93 43 178
93 43
180 180
33 262 145 33
33 262 145
33 262
274 274 274 274 275
274 274 274 274
274 274 274
274 274
139 28
21 229 21
21 229
27 121 27
27 121
131 133
260 276
273 277
56 181 56 195 55 195 55 195 56 181 56
56 181 56 195 55 195 55 195 56 181
56 181 56 195 55 195 55 195 56
56 181 56 195 55 195 55 195
56 181 56 195 55 195 55
56 181 56 195 55 195
56 181 56 195 55
56 181 56 195
56 181 56
56 181
224 222 225 223 226 223 222 223 226 223 225 223 223 223 225 222 224
224 222 225 223 226 223 222 223 226 223 225 223 223 223 225 222
224 222 225 223 226 223 222 223 226 223 225 223 223 223 225
224 222 225 223 226 223 222 223 226 223 225 223 223 223
224 222 225 223 226 223 222 223 226 223 225 223 223
224 222 225 223 226 223 222 223 226 223 225 223
224 222 225 223 226 223 222 223 226 223 225
224 222 225 223 226 223 222 223 226 223
224 222 225 223 226 223 222 223 226
224 222 225 223 226 223 222 223
224 222 225 223 226 223 222
224 222 225 223 226 223
224 222 225 223 226
224 222 225 223
224 222 225
224 222
21 229
278 278 278 278 278 278 278
278 278 278 278 278 278
278 278 278 278 278
278 278 278 278
278 278 278
278 278
258 258
245 245 245
245 245
217 116
190 85
122 130 240 240 240 240 240 240
122 130 240 240 240 240 240
122 130 240 240 240 240
122 130 240 240 240
122 130 240 240
122 130 240
122 130
208 208
183 66 199 4 264
183 66 199 4
183 66 199
183 66
279 279 279
279 279
260 256 248 256
260 256 248
260 256
211 211
63 257
280 202 280 280 280 280
280 202 280 280 280
280 202 280 280
280 202 280
280 202
43 281 199 281 43 238 259
43 281 199 281 43 238
43 281 199 281 43
43 281 199 281
43 281 199
43 281
282 282 282 282 282 282
282 282 282 282 282
282 282 282 282
282 282 282
282 282
93 5 264 95
93 5 264
93 5
1 244 161 2
1 244 161
1 244
24 118
260 247 276 260 260 276 247 248 278 260 188 188
260 247 276 260 260 276 247 248 278 260 188
260 247 276 260 260 276 247 248 278 260
260 247 276 260 260 276 247 248 278
260 247 276 260 260 276 247 248
260 247 276 260 260 276 247
260 247 276 260 260 276
260 247 276 260 260
260 247 276 260
260 247 276
260 247
80 138
276 276
283 55 283 283 283
283 55 283 283
283 55 283
283 55
284 284
285 285
211 41
198 168
284 249 197
284 249
45 45
286 286 286
286 286
218 172
98 124 98 194
98 124 98
98 124
78 111 78
78 111
17 17
106 287
171 77 242 260 248 260 247 248 188
171 77 242 260 248 260 247 248
171 77 242 260 248 260 247
171 77 242 260 248 260
171 77 242 260 248
171 77 242 260
171 77 242
171 77
288 288 285 285 288 251 251 288 288
288 288 285 285 288 251 251 288
288 288 285 285 288 251 251
288 288 285 285 288 251
288 288 285 285 288
288 288 285 285
288 288 285
288 288
289 289
162 162 162
162 162
130 239 42
130 239
78 78
281 171 93 77 171 77 259
281 171 93 77 171 77
281 171 93 77 171
281 171 93 77
281 171 93
281 171
156 156
211 40
235 290 158 235 290 290 232 290 234 290 290
235 290 158 235 290 290 232 290 234 290
235 290 158 235 290 290 232 290 234
235 290 158 235 290 290 232 290
235 290 158 235 290 290 232
235 290 158 235 290 290
235 290 158 235 290
235 290 158 235
235 290 158
235 290
126 125
2 125 126 125 125 126 126 277 3
2 125 126 125 125 126 126 277
2 125 126 125 125 126 126
2 125 126 125 125 126
2 125 126 125 125
2 125 126 125
2 125 126
2 125
247 291 291 291
247 291 291
247 291
115 115
292 292 292 292 279
292 292 292 292
292 292 292
292 292
171 43 199 5 199 259 8
171 43 199 5 199 259
171 43 199 5 199
171 43 199 5
171 43 199
171 43
293 293 293 293 293
293 293 293 293
293 293 293
293 293
41 41
275 82 275
275 82
82 82
97 30
36 36
121 176
194 118
91 91 91
91 91
158 158
27 186 186
27 186
255 294 294 294 255 255 255 255 255 294 294
255 294 294 294 255 255 255 255 255 294
255 294 294 294 255 255 255 255 255
255 294 294 294 255 255 255 255
255 294 294 294 255 255 255
255 294 294 294 255 255
255 294 294 294 255
255 294 294 294
255 294 294
255 294
60 70 54 70
60 70 54
60 70
30 85 29 211 211
30 85 29 211
30 85 29
30 85
197 250 197 249 197 197
197 250 197 249 197
197 250 197 249
197 250 197
197 250
210 210
266 266 266
266 266
148 250 87
148 250
295 296 295 233 297 297 234 296 296 295 234 296 296 234 234 296
295 296 295 233 297 297 234 296 296 295 234 296 296 234 234
295 296 295 233 297 297 234 296 296 295 234 296 296 234
295 296 295 233 297 297 234 296 296 295 234 296 296
295 296 295 233 297 297 234 296 296 295 234 296
295 296 295 233 297 297 234 296 296 295 234
295 296 295 233 297 297 234 296 296 295
295 296 295 233 297 297 234 296 296
295 296 295 233 297 297 234 296
295 296 295 233 297 297 234
295 296 295 233 297 297
295 296 295 233 297
295 296 295 233
295 296 295
295 296
53 70
237 171
298 298
299 182
101 102
203 203 203
203 203
85 187 85
85 187
43 43
270 270 270
270 270
11 139 36
11 139
180 180
300 300 300 300 300
300 300 300 300
300 300 300
300 300
106 106 106
106 106
70 70
66 179 179 179 179 179 66 66
66 179 179 179 179 179 66
66 179 179 179 179 179
66 179 179 179 179
66 179 179 179
66 179 179
66 179
301 301 301
301 301
192 192
21 229 229
21 229
302 302
303 303 192 303 303 303 192 303 171
303 303 192 303 303 303 192 303
303 303 192 303 303 303 192
303 303 192 303 303 303
303 303 192 303 303
303 303 192 303
303 303 192
303 303
27 27 27
27 27
304 304 304 304
304 304 304
304 304
267 268 268 268 268 305 305 302 267 268 305
267 268 268 268 268 305 305 302 267 268
267 268 268 268 268 305 305 302 267
267 268 268 268 268 305 305 302
267 268 268 268 268 305 305
267 268 268 268 268 305
267 268 268 268 268
267 268 268 268
267 268 268
267 268
84 199
306 302 267 306 305 268 267 305 268 306 268
306 302 267 306 305 268 267 305 268 306
306 302 267 306 305 268 267 305 268
306 302 267 306 305 268 267 305
306 302 267 306 305 268 267
306 302 267 306 305 268
306 302 267 306 305
306 302 267 306
306 302 267
306 302
136 3 2 161 161 114 114 161
136 3 2 161 161 114 114
136 3 2 161 161 114
136 3 2 161 161
136 3 2 161
136 3 2
136 3
115 307
171 9
262 262
308 308 65 308
308 308 65
308 308
308 308 171 65 308
308 308 171 65
308 308 171
308 308
309 309 309 309 309 309
309 309 309 309 309
309 309 309 309
309 309 309
309 309
220 220
249 197
152 152 152
152 152
272 287 287 287 271 287
272 287 287 287 271
272 287 287 287
272 287 287
272 287
